$ANSIBLE_VAULT;1.1;AES256
61393966333964303734343865656664623239383063623665376136393632303134363738343331
3036336230323161663739356236643062633034656665650a353964376534353732316132643666
38373662626137323232626637356164623738643564303336663635386436383636656133393631
6663383531313732350a353730663935393763666461303231653034323333636438313138363464
64383763633965616131353164346130376463343861633966383062386637393463303564373533
38316332623464646265333534356632653165313361316163313536303066343162623533643537
39383433333339313535383931623439343531333964653965303430383837633366613162313032
30346336333339363336663039356161643030393861353030346261336361653564303635343539
31326237323130306464303533623766346533326437663230656639303833306636343037393164
64346131616137646136663836343461663535633638313337613134616565343463376432353636
61396265656639353438633237653266636561616334646161343664316564623065313638646630
32393431356439303136326635373234306231373432336237353164333236306437316261346233
32626265303364343133366639306537376162303636643237303633333464616636313266323738
36646263626237336164353636646435386433383866336132343536663265643032663763316235
38326331396563343038383766633636623362653531376639643738633632306266336530656663
34363239663331383136643333616131336266313662373565343962313438303934376639636438
61336536336132306535363764653762316432623531326537323665626366346130336563363837
30363733316562366334656239373563656335383038343839643964626436376334616238313763
37626138356137393433333738333962666263666666323863343730616339323338353038373362
61303431646336383830393263653335356261316561343537343566373662323762363435636361
65393462323738633563356530313438343637656336626662666234396362333937316464373030
65383237396264643039613239306363613961303835323334353232363363303863346431373839
30326462653565326466343133666639643631613665313233636537303164303832353637323138
36643466646462346461313861316436646164343639636462373536653762353330626361393264
33333565376638626462333338313436376366366239333833396165313533303739623838636235
64653535396662306632633231386232613935363137653534393663356637356535646139373565
34613734376432616430323839373632346339336561383433343735376138353232323634396466
66393262643935633463613239323638313666323032653038373462393061316639316538326130
37326365623530396665393066666163633765356562643230616333396630366566356362393565
36636234336330303133396130656234333335633633336164623731306135626231386634323832
34313239616634363164343536633035356439646136656231353734393936396263623463633038
31643833376361326338616362666637373265373534376536353961646434326631633032306339
62633435303831663138346133323533336465373634393535613265363535316565393666663865
38326132626565366137643534306637393266303136653466323139663337633463643339623066
61323933333638363764373764366131343238323237303737346530396561326436663864303262
36663863326437646362326637653935323963626264333164626433313935663334343263613461
34366534633561333435376536383035333438633036386265616561653336633233663162313131
38666639316566643431373131306265633032663332373039313462643765306566313235376638
66376666333238303363623264626537313531366438346335316535313465303463303463366333
64386162646565376438626264643733623136353537353761366565366432356264363463303836
31386262386534316632303231633962663034343935636430343831646536353239623237616336
36313231386263633361353135323630316436383638666338633939373832303432623137343239
65386335626262656135333465313433636239393339626265663934616232663139306265363531
63323961623262626636323136336635343537306362613834323461396265656633613739623635
34386338356637336565353536343963333262333732306135316131303365343239633135626230
61626539303663646366376633393836653035336536623432323232656330303335613936376130
39373266323966353437626462393832306535363164633362663564633335656262383137326433
65383065306531656537346434653831383238393630316635623966326133386636623863643435
63326634303834333737643866323738326261653130316664363461336562343637383333643738
37393762373663316436653965616439393731333232343661643561333534333361376235333133
64646333346534656565666131363532373732336639376662303663393035326164353633663066
31653261333165646639653561653039326136653633313530316431336466633234636530396262
34663039343762303063373432323463383939356137303331343331353030346239393233353663
62326638363830613632386136353964383832333836376434373066386434333866353833363266
63356339336534623238323632353636623462353930393061396633393461343338396630616664
33363566353036633564646331663038346239653632346436346136623032376536343732343535
62653765663938646138386663643530643431643262653566663832383862633861366335363932
30393463346134396536326433636338363731343263623731613333353464303438636534663734
66396664636365323737303236623734376666383161373236643739653935663839613162636137
32653966633432646461626435363062646437666462636162323735353333656265623937343438
38313039386231646432386438323334346231306464373063666332323030666265323930353833
34373538623232646238643830323662383763376237303130643936316537326665663865326336
66383336373835353333343939646361346637346538333734653235363233346636386334353337
32326234623766663366633965336365346165653832343333356561396139316665656339663835
31323330306631616533613036633430623232643830663561623666656462626465313637316430
36663563666166623663343966333230356535623761646638613063316633343732363165316431
63356230303239623832373431393039336431326333363564616365383464626136346533393836
38363765613035313861333432363766303834633234623135323161386333353163326361313131
62393736313733613261336430346130633732336364633532313431353530653166633432313861
62353464326430303766376562663235623339313131356564303738613164336463333961316438
35363361303862323463373266343764656438336565386430346161343738633232303737363265
32323736373632613165613436326664393634643233346265616366323165623330373633343630
66306461363434326563613062653330393135303339333734363839616338316164373033636237
37626131653836386631353738353032383038333538363735336534306131643433363037333864
64633030626230323133366433613035363130336463323261363736303263626466373764306236
61633838306161636563363861623766613838613765623732666139323633336362353534646336
35363766643664336263663938383036373661646438666137663865343563303862623166383538
61646163323335623736663239626539356334343863656666383436356261643936643164386539
32333162366234643339306163303531633233393537313536373838653735393830313961366433
34633332666531373334376164376164613233313561323836623538643638363036323635343135
61633937333565336261323766323133626163323536613563313735363164653835353633383635
63363830313537356566316535613534373039343663313839623239383434623664373461653231
64343336366137313239626535653536313630653962313865393263383933616565643262643963
61356638356363636566323262363164326264313365633137653761366465613465376464303930
36636361313937623538353463393637363237336661356564646566306165303965373230386333
34333934393462353665383138383864336131646266303734393739376335363731633261343531
30326363373730663633363231353330393566393266663065316232376365343038306131633364
61663537366434663466313632316235353163346265363163386634633662336234393262636336
65623531353065656132613438353265346230396138396334623966383736316238623833396334
32353637343262316665366362346138306238666330386338646666313663336533323564313630
66383739363432336662356361376132373331626332613936613764393166316266653335316535
63363535353166613866633535323438333131663166653337366361636238643033623836383361
37326231623334656438656633306433366533636638383465356166333365303936363831396238
30383039356135653837656231373330366662393233623666636437613531356361636135396362
62613865306135333439386464613335663138323263633233346333376261343162613533313837
63383438613437636664356632643163663933623737336265383738376632326565336330396435
37663331656439663032633666653832323532343835646335666264643764636130633430386566
63336266613936303134613337356331346138626531663631303466393335353664643636643835
33393762316166643138326435643261306233333064303530356432643937386562666364393733
63633235363636643766336437383864633766643161313635663031626335336137373365346637
31376436643466363031303030363762373039386130646334306561343364623336316561353438
61623038363933303263316633636265356564623365653630633030653964323035326137366464
64366632353731343835376231336331346561363732346264316231623938346539653665333838
35323435613762323634363063343931663731373564656364666266626635653637346464663036
32383163313639313832343464386637643338313430653634306434643037353136356538356630
38303537613332363436613930616161306162666335386566353237653636323836373532636266
62656261613263626464373665376563343663366463353131343736316233316236666164613330
38323030326132323236393833626333386161313863303762316138353037613433633033343264
34356635643435346365663433393061323438616232346638613663383439663236643932356632
31356665636263346463656538363564653463316231343730636533346163386134613336316337
64656131323563633236366338346330303530393438653838333964636433306163333837663130
34353830323734363265306461396466633732343337623561363763303730633737353331326633
65653038366536316234313631386432323838623432386561346335386233373737346166316564
64313661363232303933363866366138306331376466386339323639343262613666323963326135
33326236386163323466303438366630343635333939636231346564613161356235363133653862
66333534326436373039656432333733626262306639653539346134333764643661656565646130
65633733623762336665633366363963653733346263646333376264336166663564386138663635
37613462356131336636623063633330666639373764346233636637336565366361343933396531
63343034613639633136663230613261646436316161393665633938303661323966623233396239
64376330333130303562663836396261326566663533303439653531636437383631336632363433
36663735393233633935366536643362633435363730333666383961376166313630393234346161
37303461373137383961373563383839393431393161313163353066643030623732323737306164
37623465386632366435633962633566366533336564333365336239303438363838343536643533
61353537663431353135633561636339636634393734633466626361343734626565373039356235
31386132363732333265303963366365353931303139663132383962333164363636353066646532
33616335613031623533373831356162353161623166366235363764623363323131663139373639
30333731636165646561623132653031623761306466376566663963636266303730333636626466
33376564323537393765616264613664363565626330346433373037383435363230616132633261
34646538636164373232636562383662646261623865336465633766653666333838396631383635
33326134303433626539353966616333626638313766393535363766613366303733376465643764
38653435643061663237363232633362383065616233613336303866313264333030363639373036
36623338363931336361376339616536343964323137643835656330383436323061653236656464
35323930663333343134643834633062616437626538653833343231373764396533346439353766
35313636373464636361643265323362656330363935303764306538666561633766366635623266
38653630363461656132646335356539326134303138386262346165633432346536643062353066
62623761663662306234393831306234393565663731333932633835636533656665323737336163
63316164616661623934393436626331363736663738636263393136333630356635653366653934
34356538366234366562656261346432303132326533346561386533323466346331316139386630
61363630393066646562306162396238313232383430633562636135643262323430346465633532
63656434313339623938363333386236633837633665306662663931323962396465353933636363
39663933633762316362616639356433363662333034633737353438386664373939326531636632
66366163326266316164306464323837623538363062643339633466326564666264346534616139
65646634306462393034653661353234343930313161396366383037653363646634633838643838
34363262333530623432623835336337613030326461353966353466333931386437316562346330
63363730343265616538316136323830306464663835643936396238383135326338613866663062
61633735306236363530616131393036323734323762653034646231303335386161313465626362
37343230623264383635613032333432363033343165613063353131396135313132633138643433
39623237613638306132633932656331373031393964383432643039343732323738303364626230
61306134333932386635353665353832396139366337623131336132303165626236363933336163
34663662356664393036666161626164373066626361316138326665353434356361343063636538
62336661643162373633376135653336323665393039366233386635643431396233623862616533
38643438326339333931313938303465313762643731633830303865643639613864386462646334
66353166393935353431643464346232656365626131336534366437393964383531303962393438
32623166383039393263303064613433613233343231343466656330353632333139393439383234
38393263653866636138336438623762373635313864653166366134623035646138323030333332
35343632313732626162653764323332373364643866666230323738613061326563393338626333
66393561393661386136323435393632303965333934353934666664653330343032396134663661
63383431373536323031376361623762656265303663393436393237613133353732663164633531
32356462333835326537636232353036383736633566323638343666643231386131646537663736
65353161663765396530613262643164363736373039613161343664356231393236353865643965
64663136613933616661376166346134393561386235303564333937396535353363376566333530
36663534306532353932343032383961633666383562313535373433353665313365623762303061
64353465663936663430303437396364393565386533663032633839366361323031313931643531
63383033383966613031323735626566383565633935633866656634663165313239306164306336
34613431353066383631636164633937336230646164346438633262653935343463643635366139
32313162646236346338303136396437623539636630633866346633356431613464663866326664
33356539653133356338383262373332353430333738303163313762386164343334393037636338
63366535633265356634383932303431376333393365363462663634386133343966363839376332
61653733343366643339633565626365393135633763616635653233303238323135343865353237
35303436663065623538633437346361323735643538663936313135653863393939333366613337
63396135373363636532323865623137303930663861333439633638623661316165373830366666
37653264343764633161636637663534393738346237653632626261336562616235313864313839
30356536656261336462333062653638346364333032623930393062373931353536
