$ANSIBLE_VAULT;1.1;AES256
64623863633361386531353439313632636162333361356436626535336235386430326637646266
3433633635386437333434393735356630653439366533310a616164323263653937653532333536
30336137663835613237353035313439383665616236303634633232383331316437636335366433
6234343136666433390a356465333837636463313136353862303133653563363665623634653162
33653239333338663261383133383336393137636630353764383937313166316262623530326638
65393564613436663735363833663864343033646663396535316164396164666361316632383262
62326366383034316139383961623165653665313730353837633330396463666164313230336465
61313037376631633164346234656136363335643234636362656365333735663963363365616564
32316336666338623433353661333465393032356134613630616435323836323765633965353032
39323265663566366365306131343462633237636433353532393062306634643865383561653236
32323662623566306430616538353533383565346437343630636537336438336137393732663739
35636430353132313765316362633837313230656630306635376266303163646236316532313138
64653737653438346631316665663136356362613361393564353832383864313135646264333433
35386639613738656630373361396531633039633737616432393930653466646661643236656364
63663565303965376266633663386663656138393733633663656230393034363265396565386437
36393364636432613332353530346566616334336536336361346262613533343634386266353937
34333332353732636564336536373536666432353039646231303333393464363237353535393538
31623761366362623234373237346135613836333962623261336236626263333737363730646437
38323137306363653033336139373833376362663434316665313331663232343034643339383666
35306131356163653261313238626665376236383664613062333830623065383330636366386137
37323737666135353839373638336234376664363362363038613761343931343165313430666236
35313837653161623731323835623366366138323539316638326461653330336438323137336234
61623638343531626539373135343235363430656534373832363534326334663439656138613962
34323539323838383435653266326463313637626561306230343562323963306634346361356366
34343063343564656537643163326366613034356537393662663961363431353538306234656536
38326435616239333535623966373430323030326261363130626661336364353164653337396439
37326535393366636462393539333764393231643438336238623932613537336164393133376532
66386238363337303934336562633866663739323662656633653066346237633936656437303966
63633766373033643230626434353337343362653636363365626434633363623935623832363930
32643538663239363534343033363835356235303537303936666535363766393039666533643530
64356161636131386365646539353765333863623830343835633763336635373963306431316137
37336130386635336231326434363234343466303166373730373234656433396265623834363566
62653936653737333464313231393431373230363830316536633162643139356230363966383638
34623566343163646332356665376231626364333735363938323139646134393436626565653735
61353637313563313831663439653137353634316638393536336130353563643431336633643438
37616266383131343762383862323864376435363936346432633638313139336639626637393539
63396233643762366465666163323530393033343131633237306363643632636339356231626563
65623564386161373132396336363636633161393362633763636234313832643332633762316335
30626137313231623962663039383835653234306535626563303765383238373335333334303261
66363961333864336131386263663038303765323237663862353334376130376365306339303963
61363935373664373338323432656230623037393262666236666165376139656136336437633963
34346634666631316136303631383433643864646138386531363830656563663865666634653738
62646530373431333930373362393035303162383337636431633066613165653933316135616362
32363034383161383736306665653136336335326137306536313763336639383738326463356336
34343730323265323734333962383538326536373533613730626339643337316333323262303639
30303561323466386238653963363062323765623439333234666535356239336638363930663030
62653135623231626433313931643834383737616263363531626631623139666330303439333635
37643639376162646264613336353435353638316633366131613535663836643630303264336465
64636366383734363539663132623132353834633632366334343163323866643862633437343933
61663736336335643536346235323163343262393332383430373230323964316635643335303335
65386230336236356238333164383163316539306133336431646131356461353938396666653163
38373866336362343839626639333631613730313561663264346162363863653363383063306635
34663065623836623334366634356431333633666562633034353861373161656137373630616264
35646436656230376566363664656662386134636662393261343338313834663265396362653639
35313539336133383462343764323161353165306133626461623363626564396232343261643866
33343362396533333863383335643430616464316139313330333361633233636534613836323633
30336631313961613037613639323630393366343139393865633630626164313061393765643336
30393139386437623737326636363334653362323065303338643930643336323531613464623266
61393365613936653464653433376432353265326430386162646566343362376161383634303534
38386531346432353438643061303936666165646637623862313530653466333436376666313732
37643461663339336162303966663766323066343864623164363531363731616533376635343336
38326565323465653366636338663632653361653463373362323633383937383361303661663062
35303461613039633061386537326363616335666131313662653832383064363865336264373064
32363630633862346164656165663234396265343135316465303961396563326165633839646366
65373362656639633662633166633238336362366435636561366535386337303461313736653337
33633634333330303739306634353531303932343838626164376236366464366632396333633032
35356663393236333165663239333537376633363436343839376664616166356339343834396137
34386638343731303765356233316439313933343935393562326231643266393438396539623866
38373633326335613838346163333536653031366239646234326538383163356634666238666536
34333736316363623136343363663836626435666632316337633336366665663535333565353438
64313735376262666532303135383161613935373064363230633235313936383839653564323162
34363538653761313631653366393061613330623434323137663262393934393633633839646561
33333563323663393463646162323432343530363730353464326464393763613166303739356565
33303438393430313862393036653330316138643863623633313030643434383032366139356261
39396131353536633136643836343432636135616638346638636166303530666364633365663239
39663564383834643233383163393534663661653030353364333534376230393563363533356166
33343264353330376537373739353062383939333837316239383032333430643938623037323666
38323038643065336361613938383836626631353561643731656162383439666334316438353434
62343562313063663364376138386432373335383262353433376562366463303731323437363335
63313939633135653339643432356135653838343865623535376438626137313364663261383537
64356262363330346337636339303564303935666463333861313137363966376634363166636335
35636462323461323662303561366536323665333939366266326535396437613438313233326165
39353935376539336336383232613634326437616531356462353137376564336663333433343939
62383932616138396238303437646463356536623163396666663863643666653030393863643033
64316230636333363236363631316135333134346565396133386137633936396235336333303831
63643833363035623663363835643431376631376533323239383632333963616238373236326237
63643235383039346437393931653730386664616361333339346565666565366434653064363534
38333733666366306263653835663061353537633365643461306236616663383665656337636637
35626332316431323965616531313066633930363065353534616131356364353166653037333437
33393133623465663731623339316538623331383366653662383464326135376530333431666365
31656563626562366666356566643735306262396166386135323030633264623966383735323261
33366563616133363838656634363461356337326539363834386234336261636235383236653030
62376663363630653234663339356166613261643638623030373536346436383630623161613739
36633135393536373738623062613734353861633864323531623039616332633865383332343936
65316436636237303131316531323939653639386133333534656465306234336466376165376432
30363539653861323539346332323234633565316230376530663266636365626233313836383937
35383138666133623136626565313962313563653836313862633632643164653433386662643335
34326162633132616266643930366461616538663666663164626662663935313761363336663561
34653665383437636236313134386335326331306562353665616362303535653131346130643862
35643364306332386433323666303663633961346630326130373937656238306334323265393537
31373465353764326631383135396565633633663530646664663961333632366565633636313434
36393731313437633963343931343162393164303063326336643133396264306638373362346465
32313335376230393462613830313730376162383038636165666261373332356566373736373463
61363030656464356335633635623766343439643938373666646336346339343466633465333937
66373833633431356566376364383034616435346636613533376431373964343965383330343666
34653566333432303535366635343736386365616664663137373330396561343061666364646435
64346463343231393464626366616339633731323562303531343365633962363365666466353161
62396137616266383732326637643863396537626534396435613739346365343638666462383238
39613031313736613238643033343061336431356466343163353239346465623230653064343537
37353461396561316536343530363638623732613233663238333864393161303936643438653461
62363537396333303139343533623631313638346632636532373163333739393333346266333632
61346531383030346266653734663231393865383162643163356531383138323764616336353466
34303961616266656561393865653862643565333565326461376639663938623165666236613934
64613031366165383165333538643232653936633062333431626261326531373565343662346332
35363830303862613233383434653733356232383065393330353638643338653532666364396339
66356236613836316431333965343030383539393565336538623934396465666633303762363965
36616237613133313436366265643966643364646239333965636332363239343335343334653334
35393335363463383662653232323431346333313963396530396664616531386633653761653965
65353436396136386561613962333965373865656531343166653636356231313431376266333065
65663837666361306230316537386630356330313738626633643462623235376662633035383263
32393330356434313033636266303138376630636633373964373064656661663766653462353438
30353964393733376566356434653862343761663133356663363732643462353837656230316435
36366164643639663066386334336361393661653863623363306634386139313163396565373131
39366662383930346261316163303734396562636632336166333832353033643364663161313834
30303737383863623834313466633765643231303164393232343864376364333532393661373636
66323566623237356436356266353865663037313262333433303061666239353130643261633561
66653739386634666136313833663030633836396631656534613961663265396466313562336130
34663534376537643438326166346432623962323062666231626131386332353039313965626564
61343864303739653634613539363736373234636434353437373464626161366664396634323332
62646137663932326431346461363135306331336534653530333733343239666664643039306561
35316431613562636361326163383430316165376566646237313362303538383432386362666264
65363862623438343839386334316365313635623532316666623737303961646336303539373562
33666537613234313862663135633631653039383635663336633435336435663630643238633131
64656263333636393866663038633836626562373038323831303930623039663030393837326232
31363837303064303332306232303038313134656164336666326539643434616135313038333361
36363061613663343166353739656236636663353763613036626262396564353361393837353536
34646231616538626530376635643233393664643232313462383062643239626633656665386366
31633063383434636233356337636533353764393532393439356331353466613764333239356530
34383832633863626466313364623037313932616630343165666234353361376632356331643539
30353730343865343265383932386633303636656338666537623365356537386138343536333839
62326133616463346636633864636235623465643066383035316139663734346663626239343433
30363761633532303438346461393662383866376564383334643765666364353561346333363335
38386533353562313864336132323038343235643034653136306266633830616132373830346331
32363162383663636366386331333735363232626635346566363130323438313939323133393230
37353265383839656236656239656135656265386336633361306432303261653661373463363638
35373261306631393731633563663532323238326363653238393038303432623535356266353430
33313234383366323866376234323732636530353166646435343233653337653361333330656364
37663262653332396432643334313237353832633535653237313266316264653533393162353139
62373235663439333938626564346535396131383639373861366666656361643133643231323365
62373033343437653863343239666633343163356230613034333636346461666630323331383665
65363139306362333533323634306536633538663761353265613565613232316261653364336238
30646531626539396164333232343238363064336234373965306637333334333632343936366161
36396537313934613637366661303261306265643235363732316232346362376364383865333036
30636662393938643139346663366233633461383564373465663538343732343035663264663966
37343163393335323936303434343437383231313632626538626438663037613435633161616536
64653233386461346130653232333030376533376462333763666262343830353131623434656461
31356566386437393330656361333032373234303532383136623131616366313939666231616462
31653931636436363639313339633461613830386534363237356137303038643730336239626338
32326333396466353066346232306133386664363837646665316534313364643563636333643632
36636633383338353034626231656635326637313134663933323364316635396434326634333631
34363634356163386439326137653737663537623862383030356362333533333930313337666661
30323630626431336666343835616461613561333634396133306531313635383936363436306564
33396331356164323334613939326638633563616465303963663865313065393238313735646436
64653539666239643934376132663364356236313033373166653938356236383363633136333933
39633161346233623764663734643138323732353437313561363237626662653031666535393933
39336536393232653164376636643766633964343031623835303531623263346439343066326131
33393566393439633837613437393364326436356436643737303835383137336238336637333333
31613866646661313331336436646665383930336137373937613436643432646162613666393631
31393937616663643264636237313636363530663136316634346566363736306536363661626634
39333339613662626236393533373262333566313063353364333764313333343839366562313535
31653131643735653233333833663730363936633435373565343665626533356463333433363464
30393363396462623936613236613664633030323437633035323661366661323161323861393435
63336238353338353662343433323632306635643236353763353738303565393564
