$ANSIBLE_VAULT;1.1;AES256
37356333353363313933373162366164386535393563363464633739663065353136396434333864
6539333930613631353961336465323264663233653663350a366238343639663762333038363635
32343436326633386563386130663339366236653931323665376136616337626237386162373733
6231666437343133300a663439373437396465343335383565306638316530326539383132356334
33323138383932343134316662613362373537343338626465386637343634396139316364303466
35383237616538663763663535646436376665333361326539313831373535353635356462306338
37346535663631343638663231396334343963366134666261363666383861616230323965363263
32613461373565366139373464396563306639353738336166386131396534643761363832363166
64326561653065663230346462336366323961353461343438313230313038353666373363626463
66386431336261653465666132343464386662346537626235393036616538666435636364303362
36613366613235373462353238313133613838313064386564633737663063656661366438643333
36303736616230313861616464323736383639626437393534353364346163343231306133646163
35636564623930343235623438376563643561646562363333656666636439386139626362366637
38313030643861353231666432393863333331393238356265343434396533373031653038363566
32353663633835643362636163653636303134616563613438303834346265643639343734383230
65386432633535326161343835363334356466356633613637303866366139666238376663336365
62613431643962616437343763616332386331663836356235343534336335326362666263303231
31396561386632353636383264613863323533356338643664376135616463376230646432643333
37303035656537306436346436616530353534626238303634366564303566393162666634366439
34323261333436303463623362663733303639303263636231306631386436313163393336346130
66346631633430656537646137316363376462613437613032646565653539373531393863616532
35656562303137306165323761323333666166646132383634613530313733643937636136663263
34626630386435383631623438633537643538353963663433363231666134316439663832613836
62353834343730646265303063396561653131393630376634363039306637633830613734373166
32366562633133373032323165343234303762306435343264623836666232356334386536613834
39306636623531363664633163363239646531366461353565663633663662386333326238613161
31306635336262643036656637626434366561666638623961323932616162663337663530333836
31373564303961373237366235303836643933393765313633373136643065663637393439663235
65373663656534343130353161303466623261383430396166326331313163653232633836316432
61343732373737346535336637383932313336386232626538653830656335333132663830323165
34626239333639643963373062326562343736333036643031333130613731373666313334346362
66373137383637313831636463626338363832356233633664323934636537646565646261356330
61303333633733656561353934336232343265656431333439313932613737363834643731393363
31623331343136333038343032643031343063343162633336323939376365326265653065373364
65333166353563323664343032366166323835353938366466383162653062613166366430333964
62643137333062646534343135613537306130303838663239336634633564633065626361306637
35633662313037366466663632343862303361626434653636303735636139326432663436633937
39326236336238666561386163656164303261333231623636656432653364393262646330626261
64343831346433613233396466313165376332336439396332343033343164353064356364303036
32303638353161363864303633316266343365393334323834323837326338316432616666653437
35343031373134663764626632663336623132663633613837323562666435343163306465326637
64623837343765386331646333663532363431306635353463353135643432313134656434336530
32363736333530326231396331313164636439336363336262306632656232623536663333313963
37363230653832616364646463646437666336346662306234623230633864373266313931386634
36356235383633326430343261333935323763306331303934393565386261373964366537353865
39613035316530633961353338623966636234373965373563326233616431353565363333613830
33323163616431626364666562653965656636653433313763393763383536346435613939663936
33326632646665356630393631353838653535616438313139303161393833633937306639343332
66353966666637346665316437666532393930336263363265383765316666376261313030393962
38383739376163393464316233346335613232356130656161303132353736393133356430636561
39666535626537353935666237386237666361366166303564646136333962303063343164353863
30623764346161663863313139623031303830313831346332373338666662363064386265356237
38323332313033646163363163393537656338633331636136633636363366323737626638343932
66656633383466316537386461353137363165326337643037373932326562663835656637336631
64316662623463343937393936306365336233343636336338616439376434323733306437646531
31623634623635653562376533653735663661666664626166396563636139303561326462326663
39363236613239663362313332633164366436663438303064306531316264623262376561363235
39623430653638343439333839623761356166326539383936623436623830356139653032666162
34353966336661303665336365636339613538363431343133343230383731623436313861646634
35376335383961656339653739626462336465393936616462326334303536383933333536333033
62363233373464626330393631393533366465316331386532343538323735366237613462306262
37333763666561653239363264333566313334643334636532653031363931663461303430623263
31323633323832663261353564323136393131323838656638313131613230343764333434313836
33333561623962303865343031343730646666623731343639333035353331303366633037343264
64663231643538373766633162323135363638306236643036643965353838303233383664656338
34383833343265623962343037306239613736613662666139346666333432396332376637336333
65313463386138343933396138393631626562386661663439316339383461373834636137643330
33343835383566353736643438363138333065363262323365633462626561383564316634313565
38636464656339616261333864363335626537333562373136333865623364343038653337613431
32343332646438666363323864336263323338333935336230343665666334346538353434323335
31353965633137633936306432323632623839353631373536323038616265383464343564313861
39303964306332393066386137656337623438633366353233336430626232643033303234636263
32353338326436373832666664646135306666313364333836626661323563613236663736326339
39306139353661393736666635653935373538643738626466306662306262396238666563626663
30353337646433373666373162343330353037656166643830353464326634323535373333666532
61613438373461323839333866636538653338646432663430386561653538386464333665613235
63633863366436666365623162633931663638616635336665663966613433633834383066373162
66323436653930656638633938613332363030356533316232343634653833346238666237346638
31346335363063363838326434386562393730613462626465613530376463396461316339633065
64323733393366363732383864626630313532333435356632303266623535316166303636363033
63356363613939343632666635373837356138343766303261653037306239343133383366373637
33306633353630306338306331373737303033306639373963393563336430623430633665343733
32616364613031326632306431353436323964313132383533623662613137326361303135653566
37366663326130366535636564636435323163336266336265376334623138326366633735363661
39316265633530646165376333356331663366333633346636343061323966373663346462396634
64313336323765616163396263383466636236316134386632623131333334343839656338373963
39326239663333303265313637346137663063663430376631613939373434396233303738633132
61346538656439386463373436323866663361363530343936366535666639623033333561656137
63613164363336303634613666313466656531373730316538646133613131656335303139346338
65366466343032333463356234303666326237363932333638353538346432353361306638333633
65333661616132656137373732323461636134653562373430316439333466313566313732616261
64376233633737323732363839353630373938636161663335313838643866613663643831393234
37326534666163346161336238303133316161343662653162643236373438613164366333356330
31333138343565666436353561633664323064323365333339363963636263393961666539623961
62326233366633326433316562663965343833656230336661383834646237656233373338643562
39653635653836383138383834663738376236366531643365383231663937363762396539373964
31343134353362373463613735626534376139316264316365623831633637306435323239363136
63616566333832646462326265353837656366313339656133393737653232646636363331633764
36623762316533313832623734613561393031653333303631373632333937383135613437656662
64633565353462326330626332373930646464333931373238316661353431336235366564353865
61393461333865616366326364313635376534386365366139316266613133376462653465313064
64326238316563333235383239383735393364386237396664653865396366306132656666376165
63356537363464396432376666303763383132353765346366623831376339633863623538666137
61613036383033386436613238623163343630363831306237313330653264386130643836383965
35396535363864626463646337333133393361316163346533326365643830336237323231353262
62366465373237383461386433313565323134643337383132316530613035346561343333353038
30336262636463303238306466666431633131613563646332396661386633363166313039656432
66353230646531633064316534356662333663613632303162333538663737316437326265393032
34646335363932623838343439643061643365333736353437326238323163396563666139323336
66633566623634306233636135653233396462386563383437336431643833363430656531393338
65316136396262323061356134336638303165616165393366383865303732626563333537333862
37663562346665313463636132393161383736613935616634366630363061623137333861326564
38663939353734643862323730323734336432316335646230336265366436616465653430623135
35623538323433363062656230376534333966653930643631663430613037386337663138363064
61356561653438396530353666393736346265616461646632376135333038363034663037353031
38363835336364333333663534336630636665343563336665636363633834346530386565633462
39336163393665643136316562306239323063653563643937356161323365643832343231643063
66363865336361366636326433613531656363396166336563383238363662313530316439613535
30346430346261623631633163616562643163646532396463306531663965393061356365616562
39653732343462306430386663616232346631663131623463336437343239636339646537346564
61386238333864333066343061373233373039613437356264343361323361633936333437633437
35323065313934336330303665326538646265316635663563633361333034653930626633356639
32376237333765366336343962663936313433353934366637363766376339366538623336393032
33383765353766643038653161376637663730383535356165633461396564636265613861633437
33613434336535323635376236613738336232333163643064653564393432386639323436613539
31326365323366353763303665643033643331653566623030626235366435306434613662393264
63646661386132313431616135386161646230373064623933313830356334356437393535396435
32623633343362373537663365613133316438633631323664343262376435353161373866323133
64373432616631643232343631376330303938616536636437346338656631353866626565343337
39633639653830303965303631633862343464386136336236623563313132343031333039373063
66386135663933383066623961383865613837316537333231363732623162393964623436336139
32366631353839393362316164653034356437323930373062653064376364663231373433333261
65316331363665383932623836323835373061386434363038366539353666626137643164393730
38636330303934373533643461326266623134303562666538653837343139313833373533626530
65653037613562613535333262333162626232633631626562353433616262663236306536313239
64313830386131386433386463393430386464343564613238623965396262646663313038616139
36313537613237333966373965333134653662333834393763353733633561613264386436623162
65663465333936663966623738303033666534313039653234633233326164613237303435653238
62626334646534323338366663333630336566366437643233623563353934633330396638373735
62623636396166343336336666613633393465393034383430616338623835656630393934336636
65376362333033393361363430363264653266326235396232666332386361346231643234346465
30363331646332646364323262323932623834613165666231623066333836386161356537663133
39643738366466636533623736386233636132356464313136303863346134383464643430346531
37353732663462376235316434306330613265626536323662326532386434633630373434383365
39306564323330363665636537366165323931666162643638653039303365373861353463663034
31633064346461623666376334393864313336323163646635653739373235343139353032353765
66653038613337633939353065623763653339656261616663333866326434313331366631643365
32663839653835386338316536653831356261616362316435336165343232303133663565363930
65366135333535316364383865653639333430623063353033386165633637373039383162633765
37623134366365373833636165313431633665386139393937306263653737363062333536313061
35646539313363363863653635313438316634353263313432386561306262336238623632333565
66356639343033313764383162343666353838666431623165346536373765373961343936346562
39363434346232393831373534626363333666333430363230346665386163313936633365393965
35313263616161613236643439343661383630666332346264323034373333633861346536356439
65313835343339636462323362376264313034623233383262316666393061353366343363343032
64366538613930323633393937663538323534346331396332353262373635643838393533646430
30373562613337373438643631356535393631393030323761643561623265313362326361396432
61306337373235633361363733396264623839356162316338366133646539393762313161383039
63623737636635313138363934363161333930363666346631376436643838333737396163646630
39636536373034386237343630323137313031643265656232663361366462333338306436316337
62653737353538346234646561396633373662346536396339666139663834303638653939656235
35346639643535623730623434356166316164343462303135613266323761366132656561366336
61363931646164303162346437353263303363653631353639616465353566396335646435336638
36663035626663336431306265326165383133623161376537396265336131366634346238343765
30313035653733616532633838613265663430373138613065306533333266353862616439623466
35616439396465633334663230626333626139376262666432393162346165383665323431353765
34373034356430653833656431316237343161316234373635306239646637323435626566363863
62356433613136373637383566363831386465643661373264653731613863626531643936333865
62613236373563633230623135303965613066656633616235636130303065386338303933336536
36316664353331383866663739313533313430666664343534363733623733326665643434666636
30666464383361616433376635633130656635656531323631623664386331626136326164356265
34396531323662386237323132356564623161316163343562326130653537663765633534623636
38316634366430633966393765373032626633366661333334396533386534316139
