$ANSIBLE_VAULT;1.1;AES256
34623463666631653439663461326534613565313936386638366565636230303465636261346339
3963336330373661333130343762626135373938313263370a366638313365336639663166333866
33613932656333313038393035346331653535343937323039653130336631343239383431653232
3431376263383135660a383334366135316331653336396435396362623335373134396637356565
66366433393736383563313864303939646665356565323732346363326339313233666264333735
64383732623265363265396539653832383461333766643466396134346434636264613261336238
64616364326137653966303334386430383363316231626139626235313139323666663331653238
65346431343962663937333634343639366463353939366166633063353334366430346133323066
33323862636536373232376637303261363564323663623630393235373763623031636364363363
36666465373836333264323164643936373364623136656638326535646362343432343435383532
39366335343333653539663863373236656464336664383433653337313465623462323366626131
38663833323631613533376338613039313265623762386130386430613339633235393133663763
35386534306534333735356234636164613965666262656566393733666539656364326162353937
66636463313362633734666265646366323465333865633735393761623061613034346530363934
38363335616638326661396265333365373231323261326533633930353036353232346237316234
39336262343731376362653239653832363563393861643734643633666536643861343663333465
37336363663365643063356239346636363730313230386361316434303732383131646164613539
38643561613538333838643839363630323138323834373133363962383361363762306130626135
37386137323232333163386635316666326534353331663963323531353337653562633639313938
66663463323638613039333335333537333130656363623936653266653335373134633562333632
61613666326330303631653361356637663963343266653535393633333163313330623333393962
64376161393633376366353333366434353630356236646662363439393337313139343735383533
32383530643739393662646364626330336230326366633337386361303030363930383333643435
34313032646634653531313039633932356330393536363962626637333637346535663531343036
64643930363337336535656236336536376233313535646139643736343931643439633037666639
34363334306138613861396464303639646361633839636235616361366234393139613033313263
32356430393463656263613965376361666361386430316631353932613931383932643661396137
33353966643337333030393665323465303937346638393634326165353337346231316361666533
34383732383434343965646465346563333932356166613730383661636636306438306134333564
61326430376165343234623330393139633936383137636366313932643235373637613136616161
38663234383061386665616163313635363732613164623765343237363662323734393665346631
33636431666262633636363330393463363635646463636261353433633065306430613739373737
39616432346337343635323731636636356538393766613961333038306631363438636631353066
33303333663935626661316264383930303131383138643036306232653264626564343464393363
31333135613864346337646132386632313231323362643939333137663262353232353465616363
66306232353463373635383663643036386563393863616538366536316633663335626438616635
39336464346331383163313862373862303164396238636661396431356434633064303139363463
65336230623661616538663632663134343162396332316434366162373337646433653736313539
39626538373035646330343331343831313838336434383835326136643830363830616432363336
30393835663063626234346662623530326264316632363464303936363466623633353035363633
39326332343634643565623930323831323539363464636466663530643735353939363632643134
35643363666462373164316366356664383364643339353739653532346638386633373561636231
31303430613262636266393434343333313265323066643965333862393639386566653665333561
66376163613162613764383237646230303438396135383631333534636637613939653364616263
31663137646564346364623535333238633139623262343234393637393037356436663366613133
32633362393334643335333661323835323565303135336363333363393364333336643234313432
61356138316532393264336437383639323362323164353065643136653661346634326233376435
62643362663661323662323532333536346536363239613133346161343665333864356233333262
64346132663438636662366639383562643330363930656533373837643437636165626365373937
64376235313464323436376164393666376136376430323633396636366564623161333030666163
66643135633235376138353730326333356265323533346265613833636562356463323931356233
31336532346635633735303539303465646435383161326335326136643735306536373266666536
38363763626262326630623235386363643633316661346534303539356131326365356161616134
32336431303838383331326131663362363961363332366332613666343565326538396630356661
33663861623538303737373635383038626332653962306638343538653231616632396131316164
36363336396666363561636634366137323562636565633264333938666639396461316661303733
63353139613339646235646538343034623331623865333633613835363866303164326430623365
31343766656635333735663931313839373938653634633566656464353533336138323865656135
31343965643533333237616333626261653930666463616238653131663336396135656263373734
33643831356133656430323538383362323938306638386365616138326566363833313066333833
35636363363065373762653339393331633462656666643732353365646631393538653466303066
38356366646234636639383333306263616635366666323465613933353135666531663538323131
61383262363439353239366534376334613866303763303361336432333366333732663165613833
33346461313963346435666131626538626436396464336236343065313230333363313638323962
38613739326263353232613465643165353732343733653531666363656263623162303239663538
62323365623934343063346630623633346634363863353664333532663234313734326464313366
64386635626434303536303231306233623231633736623430363661633365343437646536613033
33303938656133376163373765356561383530313162323766643632613834373939383561393134
65383962653430396132393230633936303037356639356334306462383638343635623737363934
31373935323039393032646537616166653533646634306531666233313731353264633836316637
33343632343731323065643563393939343463343230613731383263303866663235393639383164
33393639633965303939613537663666626334373633666362373166396239316531386330393136
38653062336161646566353562336438316231313434313634346135666530633337366432383936
61643233636338393062633237346635303533383763666638653438396534653039653239303330
61646361393934363638363633383435386431343934326432663939393239336437633732313533
37353461653863376339363531396534356436353039326330353638306632386566666239636534
62333635653961346235376436373561383834663533656465393937343934633933643832643065
61393563353866616562316131396165636565386630303836316336363338316163623438346331
63366338336334636331353330373839326565313430323765393732663437356532383732373930
35646462333936353538363435366634613164643930353734636539613164646531393763323136
33363437326265336662316534633238383036653363336364313661396664346539623332366234
64343630626138666664326462316136663039316465333766626265356137623331353264313433
62353930313966393137356630363034633866333139323933316434386364656539343934643963
36386234656331633530663633343032326561636262316136633636376338313364643438663761
63626632663430653231323037396335616437333833396565393963393237333530376263343461
65303636343835306437373836396466356331346565636632306131306338636334613238653365
62313936313261343835656132376131666231376430383038363830393563333530353539303864
30626265393961376566396539376430333134613239373536306537616236663736656264653737
65376163643361613739663438393434383365313362303032666534343664613333353664366566
35343366393837323666313664346237373736663530643664313763623739386466646662613436
32303734353230393931666636336264633338373733656639326266323561336366623064346638
30626134366538343962326262393832346536393762653339313934663138383561666639616465
39653232633666356235386362383565613163623366366230366637383461643839653139656331
33643531363736356638656534626333633762313037386165313030646232653636383362656261
31643834333131646430313731303031396661666233363136393339313239303461336464323566
39613139636530386263356633393238646133663530383163373766666432303532336235326162
63356637373433306266343732386632646539386136616435653164663035393665373263326561
32346561336361313830636366303935386439326537326565346332616665653964363231613064
34366363613030386662303738656139363437326332373939373862386530376263626233363031
65343932633864333838386564306464373730366333323633303564366538643736313162663537
39653664346537386462373138346237383739356264396134393661666131626130363437386665
63643939383765643464366463616336626438363233323066616461356564633338363466306566
64323734323639666436653635366161633663623665376339313461363331353865366366323463
30326565623030396236376561633537616364663062656661393735356131373833616531313363
33323461336463336161636133393734646264393733366465656261393538623663356361653831
33616332656161316334326239383137633664373231636362616435663561383238393366636431
33356666373435363333393766623361363138383532663730393265396234393236626464626231
38376665396331366561323339633664313464353431313839383332613661303036343562313164
30316435323961383565643835383861343933666366313664393466386365393732323530633536
65373462326636386536656534643163646339633636623466326437346137323935316534393535
30663039363738333030326336643166326633343262626564633535626163373031353364306264
65363637616138383063303265356661346362623339626132613765396533306437626432393631
61666337316665363035646561323166613532623865323362643035346132356135393531643530
36396261393838643739613962356361393037333738373461663566376336633135393332316535
31393637366536656361643932343638376163313735396433633730346638356435386333313432
65316262366666343434373132313533633365393935353235636563373964386365346461366432
30323239303536353932343866643865316339323736353864336266323139663364313337333461
66623461613666366337313964346638343837333433383465616236353132323135656638656135
32613934626532303137353565373737373137303163376630643233613237633563323761356136
61666134383532616664396330343536616238333538396130393931376131613164346438623465
61386165393936333836613035613664336562666666333166376263393131363732363738613934
34353165643266363534393936346436623861663834363132386165326635623433363830613361
65323836626430363833643636323131346339353730343830323230653963386633323034383064
34653536393531303263363565306237643332636531646337363339373431353636633834383235
36643933666563356466623763356361333636313164373066333766613833653731643863653432
63656265313665306438373736353761343934366664323061626235396237623530363766323639
31656638613062353237656231626633626231663032303033336132356665633162626336383833
33303665393737646562393831326532363465333735383266303234623462653061636133633130
65306665646164306265383661396161663036623134613834363435373333633466373930623038
33666165633236363266393531383332373761383834393137393834346631343135353664643832
37376131396165653735373033343530386166366162616330303138356463633033616237383437
30373036376166613764643131306366303139343836343236386466326162653930366565323765
33386133313063303238666166363162636332643462666232303661623834363037343438373936
30303532383537386663383163313538303464313237623065346439326334363832386533323863
64663338333961363238356366623931353166393066656339613665316438623834333031616463
34303432333937643563643165313231643364636630633537303837653735306435643062643466
65353834386539323432383866633564323834616533623461643465376261376635323264373631
62653438663062646536633735343461633435623162386633646563636463616263393939636535
65393138623963306364613163363632303563636365326531393536323133353039303561646236
34363834616362656439666430313361366662633038373535393631373066353232393765643665
64396563646439646438666236353337316664363337353531363339633430316361636634373433
32336339626562366131336434623238316537326432653838353465356333323335306432616637
65653663656466643932636339386332653530386639396664363930396636346636613965613839
37663266363830626431306235373330616362393534343731643139633962666335353633343737
61646166646237346436373739626565373665373164653162323939653035383261333066393465
37366265363939616433396637303764393932313761333135343730346663633737663838346435
65653038643431653832303238373364366136383566626134316439306566613238633062666365
31643237616533633765613533623366616432653866333631666539643635303930626363613738
31303464343938656136626431316536326138613539646463643832333766396230376633306664
65663966313638643761613063313266396535376130643533356463633361653966656638623761
64326164643031336663336662353165353738343864376466613661653765326238366337343838
39363235356234636162316539333236393264656437306561613565653330616434373536356132
64623431643461373630373435303865643836313230656133663264366364316366373665356334
33623264363138626434623033333433323965666139656139323831643664616234653361333537
66383530313738333830353962303736636138336461393362373036633562303839376266643630
33666664643434633835333062383137646264653335383537616363336131313833353537613835
39316239326137346333613731396265363838336664616632613761303964383831333364633539
32316533333031396433323864356436616333616234373063643036393162623665303366366431
31373937643736303238313734316534343662626637323763363936323737663538346539643830
62353632623034626561313732323634366331636331396663396261376639313164646561643763
38363137613331663730333436373866613632653362303264663831656466343539333333363066
63656365303336316436366566396166646130343033393231653830366566383462643532653261
64653835666431343034303230636437323233316235356162333538626364393233383164636564
61636465653436363434353634613034373731636638633830373564356361646363323030613537
30653337323534613131663231393565626364323161663232393835323532356539313664333130
37663938653364636335663966373634316332323162323461616633666132313265396261343438
35376536376162663935663436633965396665356264626631393263396235326631666663666434
31613733653537373330313431373433323865666538663766656530326664326334326239306635
35666531616632343130326536656636386137346239383339326565613436333965383462343135
66643632663934366663623931386232666163396434313638393834356538636538376663313732
32323030666532633536633232626634613030653263666464333336366136613236343766316662
30653466653132623037613064643431653062313734343634376236386136613837613938306462
35363963333833396364323063636637363732373132353730636265376436633265
