$ANSIBLE_VAULT;1.1;AES256
62623765313139323039656630393931366663366164653031666638323161323261633131366238
3530643930343564633136373962336563396363376563640a336433333634353466323134313236
63336335303633303364626530343637333031333837356164613134306330393763636265376538
6334356666643433310a656531633832636438343739616365616236353831623533353432343463
66653961653532653734633130323335623136393965646664306465316661393734303663623466
38313066613666386363393639323530326636663839616662353838313639666131326133666464
66363839323939626236663164323166363531616234363336366166353336613130363538613965
62343531313662383465643038306231643334626134373864633363393564303234333534356666
34336262303238633431653535386438643431386637363834663139633265633332303363336265
63366164636539666562306438653339323661303330313964363364373163663838323433366365
37663763666530346636666562393732393764343936376634366161373565336263326234356635
61323231336138643538326361383363663331383332393062636633336630343031316566313739
61343232346563303462396263633739303965623563373961346636613764626466323638646137
65303161343833303162383366666562366163643265356635663366313339666235366562363131
61333637336261653135313264323233383337643961333532373266353134613064653465393333
36326665373331343636353130383431393738333964396662666431396438343638633335626261
35386435336232343035666231323339643261306361343266366361383364643861353965626164
37373330626662313933666362666631373262613136646330613930363239643832613361306531
35613635363237326331396437386532373837623236646338343465613739383666656264396666
32393033343332353037653063326630393265623261636561376232316238336431386261373531
65643830653436666239656438656433363666346635663230336264313830313631356262633330
63353139363463333365623765653834333633616331653531636665663231363564366139393134
39356637303365623235653433346530366437306361383332356230386634363733303165366263
38346332663564393934393863666337323137343035666332613530386537333238616666613132
63343437313663386630366439323830363938666536373436613232346537363731643434393337
35636236313038376434343138633831396564623265623137666661623262383864326564336130
35313663383165323934663630323265633238363337663339646431313734346137383738366637
30313236333037616561303261313462313265623330613762613235373836303466386261343063
39323032366638623535306633323739393832363661623530303965386664663635323330633937
33623231316335363636353236376462323230346132613935393231623739323938613033373630
64313133343563313636313437343834633431336235616131643662653731396666353739613565
39376436643834643837623437376439383561666439643962303432323730633737316163383036
37376232313431363832393762636138656434613933323838353438623137303965613836366632
32386231393263663932323832663238353665363835633866663734356363616263353333326631
37663932616635633034366530373635636434333431343631363261373235343463326335363661
62396466313264303031643632646566383064356566616165353738306332343539653964386665
35383363396637303430653463646433366464373233306263623263396463656636353566343364
64633235363035633561656438663161643664306137353434383666383235613530353431346230
36646632306232316239613563326530626133353431373765396232636366373065303539393030
38633730336637363963303066303536616163623836363163353963393464396661353138663030
62356239653561646332623336666166306137613139373639633031393039646535623138313762
65393036313635663536663163343665616438363763333262623163323337616533323833313330
32663565633637626134356465646435343337623939313164346666366438623964633337666530
65306562633838316332366232356331636263323636383530356161313762613830303439663838
33363534323138663762656339393136393734393363343139306233333034336237333031353332
34376639663063313737333966353831343262303639396234353338386333396436346230373538
30356561366664636137656335326539653838636135376331623734663335363565653433343731
36656235623863363536336661396636303166343765653135663933303033393666623432633663
38383066396137303235663632646165616131376234623963316464636666356535636262396238
38343631666531663564616138386165363366666230626235323362646463343861643334343864
65363266353365643436353633363234643961396332313563326361323139626131373064356636
37393739356538626335386164616663356436343735666262346335323435313030363538653466
66313332656334396237383132373330346335646661363635353437366130353366306230303734
32306162613932626435663936646534346538656232356137653435613230666235613962353161
65323235623361383035653532396538663932373437353536333934376237376563313962376339
38376139623266313238326239336438636430376366326465643636333332383733346566636637
35373030336438306665393739666232366239346639653163303632313761306664666464373631
33656637386334643665326635636466623931343264313336336630393239636233303364383538
30323163313265366436366537333337656233333933353333353362316432636365653163303430
30643539616265383231623264396636643464306435616663313630336266383631313361656665
38656439666463613561616531306262333039616630396235643361396631313239633139373635
35316538343435633634353239376533336439623030396164653531633537636438643265333333
37343438313134653436333432363466346631653437383337653864393031663130663938663937
38306332666132323365653566316335306365353564393930383435383732376435303636623839
61363538363464623332396233613463376337386635303161303136346236363766326265363233
37623438366166353239373839323238316438396132616439343635313535353732323565376139
32343062323235633434336564393036303934663738666139316436643531623331316331656239
66333337663765376333663239326238343033343361363637313233363236333732633162666238
36626561336130663736346364393631343862663838393761626431313661313035323832626263
65623864623463646635663762383263313761383161386336323161316535643831646166383838
33356333336532323563373364333230303835616233376263363662396430356437343737623930
30333037333166643939343635356366396431633130366235376662336432343932386231633364
64363634306465316130353033353438613134333065356261343565656639363835643664346261
32313462353630383930343132333561316538623037323266333964643032356631313037653835
64613230356661323335303864396230303364306138336661653863656261366665623866333262
31353430343530343265383235646436613661313935616265643662623337366630353336396361
35333435313865623035373735376539373538303737643363363337316661323839396534333034
61323033383465646137396337393433386334336564666264353238613633626532623234353536
32623437356130616661353231336532376436323032343265653330306465363136376430626162
65623734633134376436393138626339333631643361623536383032396466646563613762646135
64666134346162653736653365333666656232636534663034653366326236626334303264323262
39643736343664643336613635343833373665626664623866613036613131323033316563373661
61313231643130376565333237353231316362623164393864633936643635366265626333383331
37386232613763396464373861643432373563313633373634393462663730313565333235383833
61383533343335373134646135316633663334353636333966666462313632396130643835623265
66636131623164623064616564323662636439333337656131343864396366393961326630306365
35636363613839663436306333633431386539373865613131333632366639366663623032663436
63346432336132383035
