$ANSIBLE_VAULT;1.1;AES256
63343961626436373736633432393834663061643761656333383932316537643566643739643034
6665646165343339376439616366326562383265333836370a656266346532646665316331326330
65386263303862616463613032363338373461663563643034613066326630326361346530343135
3464366437346363380a666437643538376331613738646335353831663332623338653134333632
38373365626533663862373837343863326231356535376365396533396163633930363665366263
38393631336462653966313133366135386564636135623538316661343766636662633237356363
32353732306132396663363539643135633362643934653734663834666165623262633132303238
31353036346565623164326166376562396665303266353435383134636634373262323766316262
37653861616265336637363839633936393964663363653634666361663166393938646438633333
39656132333932616534656261326631313266393463363339336161353232356330633335383237
36366539613634653036326137306261383662613132326631303738346434663934346639383563
36333530313330636237623035663862313863346331333261363734346162633065663833376232
33323738626266306161303364613365633565643039383237383730643236663531636138313839
64623163366331383437336661316539353133396338616139346364373564623433636466333736
66663136326131383963313864363136653832313963323637393338366565303737653136326434
39623132353532313330363737653434643238306139663637643238636362646136653362373832
37646265303461633333383839616365343663373362613737356464343163653734636235663336
37366538323934643031386264666235646536626334396561666164376334343265663564626163
39663030383261373831313632363330303661653632336330666235613862656163386538326664
32333333316461643535323231633862656262633036366563373861633766393133646639373465
62383535636138666662396439663364313963666366373439666336373931313436643933383432
39303165363361373831653866653736396662633464623362386432626162363932333064636538
30343364306637326133656539663361353536643366353832653666613734393364613639656536
31343034633765323365376137653063646466323336346433303861393765353564393835383032
36613131333365383431386235343931333436663334313461633936353439383730396431643430
61623430373266366163353237663263633933656664636535373463623438636432363931613461
66346232376533656637663661316665626133333531366239313365346265316565393863333266
36313938333162343564363538323234373237663130633134326464623430396434623934623037
66653464356539343134303363626364626463363030613833333365613164363638616539363330
62623935323831633834376462653831333433616363333338366233353734346166643733366163
63396439343031613935353935373137396266396231353066333761623938616265333832306266
30303562316461316634386463376136643531323138633235616263643637373233333733343630
30616262633431396537623930663461623664636538373130656239393934666235343862323963
63613431633265323034326439363366643035363563326334306235343064373133383236636364
33643333626366366464336262373032663431366633346233363334663037303030393764613162
33346164633464313935643164653638666339626537653337356634333761623861343539363364
34366235353331393638326165316138396233316135383161323964366533343239656230306437
31653862396435633234656431346137656464386261633033343237383332313536396334663937
33666234316363646635353864303737333133336539646632613233366238303363653534636235
61626464316437383539636334343336323161383162356438373430356339316535316565666362
63633531613839366661613539323132616436383236306539313466656134303637353462346533
35363238333966363130313235633036303135346436326563646463316438396635323865336535
39363330663861633638313964393664323732353863383163303439633537393266646632393338
35663966313362326136616635393833393566613465336264336134633961636163356539336161
36373433613039383831656238643137646535326461353263333531393439623161613166613436
35373336323065396431666235383830343561373138643230353830346132323062313437646164
32653965666562366233633839336364376463663465373765383931343563613037646231393938
33623362393762363534353536656537356562623566383031346264383431353338303532666262
63626138346434393132623638623337303938626230336135343634623761353333336639383166
62376263373736663461613635343265643736663464353364353435636231636232633639303766
65396466323731383832393261636438363761623230323961363461663562306235363834316162
36666162313836393330306430306537373262613761313937353861616335396534343963363737
30373038616235663262313333383335633230326334313166323931333330663639383461343734
65323730376563653839313639396332633933626334396431653133623162393733383063373062
62613935646461633662346563343732336431363433343238366333363130366161353861653237
34626532663863313138623435373334393435323766613766366262393165323535346132373930
61656539343439633265353836386432303765613266636537316163316366613538633734333965
30363761383063613839616139333535303130383938643030323439353738646239346564306333
65653836333035626433653838333134366332346639313436386435363837636438623666646661
35346164633631336261383839353564633239343737396431656461643765393662663037623865
34643539363831396632346330366430356664316335306162383363383934353232363430643230
32313837343539643139663165356562376161303339666439616439653134396561636663333735
33626534666531396533346134306462373334363538303561316130323664373936633166393166
36633838376534393762656630643334343830663361333934373536313266306362663134366131
33666239386439343235616661333363643161363539373834633366316163633065326239363064
34333635643930646135356630353934323430623431393133363735656465656265626230616635
39303531376365366466313632646539343139306139643130643264623937343362323166346439
37326334383532616265323564323662376439633134383063323230666465383333316530343761
34633132366434346439663861646539623765616566333464333930636465396139653638613963
30633437663231626461366134653163346230616639326366613636626664323733663034616133
62376663396630306435383336656530393430613936346164623961663032653239366639333861
65663065326666623938366365386534633438343862376463623333373661613763363262376331
31306166613266313061346531333463353563653633383937336263373032333139653465323739
36623564333736316138346534343734653838653963633839393264376330373635616630363137
35613961333264393131313462336466316266623461336663373163386539666664646161323939
65646638356162373466643936616362313563336635633264663966656364396361383138326531
31353638636465316536396136323339313538383562663964613364643763643164356366323963
37666465663162313262633231393637383963313430356134316338326136663765326439613664
31303533623266373266623131303362616432653535353031613561623762653538363463666537
38383966326263393737333930643063663335323536316330626131326136353239373338353365
63376336373232346136323863663232316533366365643433313564323833643262356634366332
64323437313632313937396265633733663762306563343165386132346561353863653532643235
37613938646537613464663539386462613836376336393838333733333431383166616639323162
61366561363034363530613636643265643439373736643263663134653432373034653862666136
39366332666366626339323761646362333532353661653439323730363231303631373637613237
39316234343962356336663161303564373366626663386566616532656365383363376131343233
63626136633436353633303963363266303334393338643965306565643538363863313661363765
30656331336236313161306531616635396238633034393635333564383831313730383439653664
30356138636532646533363865343938303233623735346633363331633538633730353761396462
32373739373862663265613863613832663136376363373636386636343831363461653935633464
61663263356464313631653232386236666564653436633231363333663030383163616264336237
62346166653936366538363638323265613230623930643361666339396365663532383636613863
30353435346363386236333332346565336434386563386136386539353935316466326431633436
64656531363935326133396533333137363737306364643464353035643164653866323235623661
36626362646562663836656639303034363161343337383430363233356337623230373764626562
36383830323131306435343766313435333030653134653436393337333734653263386139373636
64393531393036303936306236656166343962653465333636303537303961373761333561613563
61396165383363303564353233643735613934383633643564316261383434613335626666313033
62313839316231653165393530613036303363386561313364633038386233643739373264643465
61386263303134633161346232386534353665346638346233623030623765373363323733396339
65663837646238313665326662376264316533333634343031656632343630313464316466613165
38626533373032376537613162643139356266323862626333376230343264636639336561646537
35376634323761306536656538313830376634653539323164343039383464376235316566663361
66386632363265626435363632346437633434313036326630326634623034366464613064323837
35366464303239366261633237323663323238646133326465396338313237396136646530306466
34316431633636363839663539336135396137356231633035656234353761663464366661656566
37636530626363383461313932613835623464623630376565643330643565393166663264633438
33386530653235633434623837306137313237646437386663653739366562396637326462653035
65333064663838653735636339616531653962656461666139326261313036316231393461323735
64653035386238316161303134326565363435396633626539623436393731303239353335346130
39393337616130333236386431393031633366646336373661363136373033396531396566356332
36616466653764306565323462353438386364386332636439323631666135353635636639333930
66326136653766616138646134303832396464303435663838616165623032653263643236386461
66666530336138373431373330346134343563336463386134393834353438386437323463633033
62646136363163656239306338333065326437646137313833656335393738313163383966663765
36643533333830633634306462333239616365333466343939396665383433626432653736616366
63326362633030343562633933366137393130393366393131303562316664353231396636393038
30376331333766346139323832396564653661316166616362383739663862303634323535356438
66643936613236376265303463626131333362653961623663383533323338646432663137613136
61363936663233303362616663613366316462363763656563366134643062633435386264326534
65326532373436336538383231323238653230646535633432316536393261633737643762663237
30653839383730613164646564623266313033633266343162643433656333663836373131616133
34633137336361636462633436336431636430393365373335313130313864336333326233613339
63323139633062386264363461636337656462383336326330363233336334326538356662663532
62613863643935643266636262626666326439613862363861333334353635623763646265333866
32373065353939643965353132623266653836393363616636366638626165626637343538623230
37383861316135316565633865323762623133383239666239393462383738326130636437326265
61626336336132623764643136326133666632343563663235366434316535616332623964343131
64316434353337313938623136356466663236653138666466306637666431656565313337646631
33346134383331666631333733393163313835643534656438316565383961353635383632326335
36666331356663653762356638646434626138623566613662346139373337313566653565366562
63393039366233663635643163343534336139373733636636343731633661393030393831326233
61326233303132636130383366623435643031343533333464616165396638653932363033656261
38383633333162303562333335353430643433313963386336626535343865383439326563643234
61336637323639643035616238646233393033396161656332386364323463396236613431646632
31386465343137326262356537623064346531383837373265343865666464633631646536356333
35343539633831363335396334383233303637376430326635323662643466653361623761356262
31323639393635306232643739363436313362353737383266333435306539383637353233303732
34313237323964316663336538653435633263616536653433633535356130643361393030613338
32353036633639623265643562363435336239633336313565643766376238366163343433663333
31383233633763316637303131663837623235326234353562313934616666653131306133376637
30646532356436323930623836356137623462656566343865333137626330343138653236306332
66306136376164363639636432623266656564333533353662356637643138323061663532333236
63333939326537306162363137383862313662636366383137356162363366636464386339356530
32393939616434303737386164653639343365313264663961613137356239363964343832373837
64646336626164333739633235616630323937646162313433653463303133613162343062636561
34623965613836666236336465333333396562613032666231663662316265653265353930363366
37353163313332306235383463316639373738383864316233386333323864663666353933396333
36333063356430633331633734623737633066633538663966306234643839613038306461323863
30666165616463663236663131313264343230386237653638623866366636336162303363386632
30343934383731653930353939666161356534353534306533666638303733333430323263396138
62343762323139616264666439333537633665623566323631613538323537323738313064343130
35306439646531656233353366316562623138666465386361383430333636666635363633653337
66656238396662656566336663353064306539343733663431356134393639616262623462316366
38376666333166343362343366633438633765303338653137323436306334653265363332643139
65326630623135333838313435613162303837656430656531353566643561666538656664386334
38303239386363663539366232653039323833303638306564373264616434653137323639356662
62396134343837333465333864363865313565343739656561646266373161646366623235313039
64663563643137343138386263656362643762313530326436333138386436663566633633313432
31666334653738616666636534643534366236366339363261616135383438616364616164363333
66383963653836646436613435326235336364353735333238353563353336316261313966346165
35363530666561633166363565323562653465346432386433663331376664396262623833663832
32653531336437373237643639343938366232366231313835373265373331623739313863633339
34346364393134633063356635393335336436333561633561653436373036363133383561333561
63303337356131626462643361623361663861333765393366363438306264363337623964623435
66653037303531363965626665356634666364326233363938663239393138336636303735353233
61373764656262356533663330373537656265363431653366306137353731326632616531663461
64636637393664323861303862396137336139623731366661616632643063636466323563623939
62653064313265623561663634353734366666633664353062373437376562316336663537353466
36623063643966353931636562313433636435386161356561313637363162663231613865636330
35666531303661616361336163613537653533363266346666343138396230663162306337653862
33383964336333616236623830353338626665373439353766306133633262333530623131306334
36663739656334386265383064363666643634623764306666393931633565316132
