$ANSIBLE_VAULT;1.1;AES256
37326637663230333637343933633137393036616563316634613036646539396432616333383565
3230336464353938306165643562343131383634303736300a326635656566346434373930626135
36376239373364326534306536646465643436373962663536313938393063666334336462313132
6130346636653837390a373437613762633036303465613233393064353765386366386363343466
33333637653036326634346261336631626464306632316235626236363235363161623336643361
36353931666135323039653065633232343738643139613130613732656133643230623130666430
31376333666138356235306339656335616466313161366263373164396666356339326366333035
30393038643562656636366333313430633138373931653963393233663966623939366162343534
32323961623262656334666163313838306130323736376232653261343665333931623339383932
39623038343164376538336362363136343033393830623330396633613738626563363233353264
39323337383034663930313861613730633734616533623863386432616463643737323135663466
36333734303963356133353434303965326536633665306530343530353163373234633231303633
65376266646162653332366663323735326263663235643061613964306530313636346236353837
62333361376632333766666331353631626430373533333761326162333037623432356634346361
39363231363362323661633631393435336166643165366330633831303064383866353561363632
34373838313664346234623762313431613434396162653861323238363836366233306162343865
63353862616563616263653832303632326234643732323138333536363039373330323064313136
66313532393266633431386165383935343365303534366366643665356166623832326665633463
31353763633931653666633062643539366530303239303333666636623136626336386434333731
30376632356338613232333835656434326535323862373932366563366530353237353630333830
36613530393064343835383232306266306362646662393934663033386639356535653264316334
63323962653333393439626630656134633136323431396363623665626536383139656532346361
61623661663434383132336365663536353035643866663961323764633362303039613363306331
32643362656238326163353931316535333962333038303135663831303830396166656162643562
36666134643731316536373138396131646135636664636361323564373133646133343764646337
33666638653537646466303534373839313535313131393331336438336434383130626530613161
31303532656539343237336363386230373735313234313730363939643938643232663433396331
38616539373438356261666539303666653733643138663966633166306164653830323736656636
38336138623734643236316339373665343864373039613362613539616339623661646462326165
36383135346461333035646332643463623539616362303839366263616665393661633362393438
38386462313736386534343661633561653439333637323163363863633735633062363833623731
61303934326237643164643734353433316236393534643364343561356439663635333563336437
38353462316132663466323833323964323437356437346432663934333036396333646430616632
32316366353737396333316538653038666466346536633936343765303134303635633133343336
64633538333865393265663330653230346637646264396330396563383266613538653030363666
65306136646536383632396236306564323537346662353564383030303737323334303439613532
66626134353066363465323066306230386265343539323265386432346337303061316165313439
31633562363636656361336136643032386134306431313466383131653763643531636137666230
63313232376439343637656162616266623964663030643162613661383936336232303730646464
36383936666137663932386234356163396432316564343136343534343462393038306165343834
66356639653636623363353466663731623539643338643334323731393861333730633832363865
30663730313366396332386230663263333263613665366463303138316662643634353135613239
64653432346564396465393132366333343961613030396335643230616431316131656138313337
35303766626661356336393837353138343866333062653837646630663961666362383235613631
62393830323062353630613331646536613436666661326162373334303130316135383365353166
66333439636332623238316138646634366566333630393434663132396265326430386432353536
30303065376464373535653833333236663632306230383866386262326533663532306239353333
63386366626464353662663333313862653263306634663932663831333662316339303361653865
64383266313761356263663361333864393838633165363534643463373363323666363136363732
34363530643630623231343730616137626563306331373462343938633432303837353231616135
31626130666133623933636131653938356133363363333164386438633532656533393263663830
36336562383036393138343862333335323533643863656461383065383963323461376265316565
37656663366534643033626232616638306239343265303565366564313038386434353333313032
36316330366534613330623838333161396665396231613765363665353139373532346232653564
61616434613430613538323538646462393437323765323563353565393036626665646534663534
32396564613566623963396262313665353762383130396134306231323632356264643336336364
63336630633232326430623661393638613438376365613461316633343138393635663764353864
39646137336363393935643031383034363833326664356132366139333538633736363638633737
34623264646163666333346265383231313635663137393633343566353831663862366565356338
38616262323330643262326665353735613238336361653934333732366535313435383065636635
34623239643066356436393865653031396535393764333332613264363064623237396236363131
35653137306130396635383138346466656133663033323731643237333538393938303539353432
39393533383132343931653865323362663361383962633131373763333138643431303361396163
34653662366366373730623138626234313064363563386533643136373132613139633538353262
31316532633864326361363364336339636339626464613762333832306131303735353336623565
35663931313235616439346633306435343232613362626164613561346434336537313835376535
30326264663265353435386333353837346266646639366430323336356135343035353030393139
62623134666533373938373232646136656138636135623966303033383566373262643761653931
32336637336366656462303731396165653535356637303935333630323930316136643363386463
37623933653431383865616362363130326162316236653264653963653963613132313239353932
32363432383730346235383730643731383638343963363037323962363461613538613666393362
38383432343061396630643864356466623635303961306537383762363564653237313938343537
36623537376264343838316635353263636566306262656164613363353432646233313761373761
66313439386362666462636136663132363162633437623165633738613861366334313462616536
36366264343835353734333165323039373436363033333038613430316662333535343966653765
35376333626264333831373830346466353063633638636435393638633430633736643639323439
31393064343432376531366136396138616466363830303162643439353231316165633138363932
33316533346537666563316132353836363061626265366133346264343164653933653935633436
39336561333134623466366532346366323561383766373632306433303835653536653232623439
65386335316431356466383230666635383863363339386366313532623630363961663863646462
64373834626437343731323163366264396435633139656638656430303264626332303036306366
36396231656132316431666330353865313032633664373430353238366464623039313335326164
33373134356637326539623165303565303134643332626263376366623964646334313663353632
66626535396238616330663532303530666538343737656233373061333139643062376363616261
36373163616465323265636439626164623631343432393435343831613135626535316538373065
64383261313563313934396135626536633265663632666338376661333165313731313565643339
65613064353537356436306134663365613332376335336564343438346364663066633064646566
38333265393830623163623864366632383532343636396234396463616435316230326635393234
30633734343336303331343231303865393432613965656362376363343931346135666264623233
34306163303237646632376634646464633964316363383832623238653562366564353736303634
64623333363636343533633061326236373331666535336337643564306434353039303065643837
33656365393139333831666666356436333432633836343837386135333862343933653861643063
33643534303362316637333665333962653932636363303266393665633461303739616439613436
31336461366433613437343239316134303062313139653565303133383063633966626634323161
39396462633365386131623234366130633931363633613866613230313939656336346132613238
63323464346163633162306265613663656230666439373764643461616234373566393737323365
61656232656661333734393431356631313661623535313833636230656536663038316337343737
36323337323264653736376661393165616666373066633930393765653335623835323437366435
61366265633065366439643661373836633839363931613666616335363136303131663135326631
32326436333238316666373365616438326234383430323566666234316233653865623336373033
35383039663764303036633635663439623039373665333665646637663561323033623365303566
37643261313738643638383130366137366431663866303934636435623133383335663737323133
64663335333434323432353962303764356662336565353039643266353761383532663763336434
66313062656162643334323432383634653935333834636266333234333363316463373865373462
63316134386366383265373735353139393330323164323532343865313034366135316231346633
39613563373464666631613664623161626532353435666335356465383266636536323238333332
30643365376431396230663365666136373930326633656238333964333562356339633664643638
61393839373434623232373163656238303934613337353239366131613865343666653838663236
32663639346136646262333666303333316463363762356531363661613362623037313837623530
31613932356136323739303939616537653665306631636132656266353330393230373964303335
66653736393562633836383663326636613266363637386635363931333730373932353030653361
37323061363135313164356463653564313832333731326531303839353734633363666365613436
34333830656563393564363161313563613965353362616362333162386461636637353439663861
35633661623539663739616532633235303662393362333635613336663164643333353661633632
33396261373236613966633466303764383763366432316438656465373936613862616439653264
38303233353335396637353534323565636139353736643163353264656462373235313862353238
37633731656130333631636230323166643065353662336561363962393433633766613164313264
35313635373664333934353262623838636237393237353534323734303635663865326534656437
66336464373463303539306265343463393132326337656536393061653639343331343765316433
32353261656463656361623733623938363637643835363533383239623537643933346163623532
63383966666437376263363665613766666363343064376232333466653361313933363535393762
38363665613161633163663535326464386462626165653230663138666235326263336133356530
33376235353535333535613730376632373434643264346630363465643066663163623833393661
39633535346566623331353531613638653933663066386161653936656263626665306138626534
34316165646238646462346239653963366466613161316537363362303838366136323837643965
61306630366261333339616334663365663064383633636638356661303063666562316131323431
35386133313236616435373262356233663031386561623664623866353064633638663763666339
38656138623536373335643764356231376163313431633737663763343462643761366436666233
33363137363063303462323835646632636338373933376332623939343437386536666138663833
34663439643664363665636264383136306566623266636166643132386466396637356632633531
37656532376630616435613965636435383734353765323939323130336332303562366638353538
65376433636562366561323731626131343334383732623962626238303365386266326230326133
36393936393261633161333132336137656262313462663763653933313139646636626438613038
39333936356234313832386366376561396535303761643531373636376537633139386265393838
62663637303461623733383861383366323061653366366263393965663734393833623565633864
31366236396537373532336533303966633863383938356662396230333939663831613965396166
35376336633038306564623733383730376335336361623939363163646566646535623461653332
37393963363866363665386662316533656632393830656134373863616537613435333737613036
66336461306136393139363939326530663337323763616164313735376339316661666330643162
32633834343939326566333834623961663532636532333831356139316161343266366162313233
37303162373362323033363233653666373630626535653366616237313832303164386338373363
39373139376163653333376236613432386265656534356532386435316361363232306461656361
32633431383532343465656264643931386565376666363765626164346164303033633933336566
38353565663262666332636464363566346166303964646265643037303966373265353634313536
33373833306339646265633434303439356362356633366534373138626233343333623533303838
34376462363163383766326338663961303737356566326632333238326364353837613236616133
38656239386361306138346634613634376261313133613039353333306662366335643135333437
38366530626363323730393661323733343933376538643837343930316133323132663638336631
30383139313562393232356436346564373965373238333635323136316535383839653336633766
65343336366335343735663837323034363732353466646165343330386335393963356537346630
39626665633164363432346564626664303834306339613262303039313337376633386563306539
63336534623562366361323933626639373461666430313266306431306365343633333136373431
36613461353062663231623037386434643532396137643462303134643333643564646631653630
32363966643531363966646165346137316636356430613464643230336133636261663964313339
63323239656235393232353665393834376438666430643230353137393565363566366638306232
38353536386231373462356638393338346135653238303037366337323831613634333139373465
30653637356461663331666364613765323835303663343461616362346461356639316563653430
34343435316230313633646364316461343363643561633731326634373335666137333835306333
32366566346236633562356665643863316264616336616662663966303233376136363165616430
39666366303866666637383436653636613366333366336164376231363335656332373130393335
35313939393130356636393962373566613335353032616639666435346231393664666639353730
37373039343561343437326138343738316663316436366163373633333361643534316361616430
61343534363031323337636666636536663333353436396539336461633966316666343363633136
37316465313536656133653162383362373164343530313435326239393130633964363231323030
33386632313165653532653962646634333435353134373962653166666335363132336235323337
36393138376161643561353462616364323335643333323434656463633936386538356632323664
36336339623830313831333632353165643064303764663735666266323434373366633763306632
34636437303966366264343633656637333234353562373363383434363036613331663139613839
34656461656636363765333934313739663939616131363932356364353239396364396532643738
31306631303336613261373466383438373165386566303765623236313862653865343466366230
64373763626163366230313632343338616136646635343164353630633966643966626434623137
30613865373162636563646262323434376531383366373866373765303461396431356361376135
39333634376339383833376632396163316239623166653534653732346532653566
