$ANSIBLE_VAULT;1.1;AES256
33316539333236666263386635326661393362633961333039306162633436623161346438326661
3431333637353465306531313538326134653365356561350a643263646234356162396236333265
39313966613737393263376562326162313630306231366363653238376666666438303032333661
6338666130306461370a343762323764353762333963366362666530626432386439303830616433
65363066333435333963326138636338316132393136316631353730363132343064396238353433
32306138363731623132373534633863363632383864326236313333336233623263333637643231
33316639356164636661353830353161363238323933663764333135386566636363313036626432
34363031613734363436316364633161346362386564313437306633336663363731616464373863
37663432613764396165333861373831383065396663343465316532663434306532626536653932
31356639373632363735313434383934373732316562383966376639653363323134303539613533
39306161353463626465336139663562633737393531383932623135633362373765656163643364
36656235363862646234356463616639393265386530313164373534663064663131353538616332
31333339663733313337383233313936353866386131663833383365373735356266666335303633
61396364353636396230666333386138353733386261373834343238363633636136636562323061
61393665616430613638653163383662366335376534383166666361633331303334653431373235
33653734313036366131303063306634633466323336386233666232353365313036643937396265
39623234373361363534623435636136653937333034363766333335383437663964626561313262
32376165643664323433656431373038623634363064356365393730613661616661376136636639
30623039303362363439323062303639656465653162663761636531646130343339376365666662
32323033646265323935326537393765333734353534316332616436613833386231346135643333
63363030616439383934393063393562613834346130393336376138333230393538366137326666
30373562623236373230383566333538373537326130303439306535336636633065646461383765
35323465363762663065373830613339613032393964623035656466333433393566313764643561
39626338656238353533636231353862653734373961313637346333623032393936653638396333
63663965326639663966346332333261636637616130653066626135616534373439383936343435
66636237336138666561313265386664383830636533376436316238373165366465376336346465
39363239633163346462393934356638373339316661613537333437333364633135313163343331
35643533633536313862643739386464323234396331656465313231666165393733373338613932
37313531626637653333303939326232393032376437343136626163646164663336616666633665
35373762663938623763363961326136376439616664333332383238343938646363346361333933
30306463316663613866663633313739303235626363646537663631303762303164663235646666
36316231383062303462333937373334336137626135373230633336633735623238623061633966
31353663656331306337633063323266666236313233356136656432376466643238383634366338
33313166663834613561333833323336623863333964616135326337396664343065613837303363
38663065636238323961366134666166313062376566323238386463363333343066326239323730
33396234343734656231333364393363613035303264353865333631363362653036376136366433
66613566323539363164613336323037616364636434376263343762623435363035333437636130
64373333613264646432396439636333346636653835303533366666366264326664346564376230
62646265613237383838326661636463393836363137626465383236386266333664613832346434
38613135363462633166303733386131656161633830363434383465336632643731626333666235
39626139623937393532386536393332633462643762616564376433333738316362666636366533
37303837333466366364333736386164353635383165353966323132653931356362623035363565
33346437343230656366663463396361383765376534663230316561613237633032393039653564
66386561663462303738326236323064623632383032386635386662373530306434303461336130
34633235633731333566396230613061346261343030633431306636373431313766653734343830
35646432666339363739343239366233656563656661366562313962343963336366396162633733
63616332383430656335616136363531373035373434366631343861666538313531393032386161
39623033346566313866343238393438663035383032653261383338303934636666643939613964
36653063346235353935303934396139633637336465383230353464363364306263623837336366
37373631306236633038656163616364643034353438623362643063396165303439323262336232
39373462333065646663383661336332326431303361643130316363626637626463303633636638
33636137326539353063386434613661393638303464623037623237366239376365653632653264
35343039323439343230616366323763376639323762396139303562333262363966656434353339
62623536333539383431643933376664663661343465613565633630653664643339356432623632
37366533313138373661376239663632643531306137616436353034306533633737633238363564
61646235633538363233646130633832666339653663396535383363646162633164633666343736
32333632366464663162363735393333333535656137616236386338393566353535333733323035
63373162663836336262396136373863393662373038653062623365633063653737643532383561
62393534383665376337346266653561316566396562316462376262643464643261313333663339
61386163656164383938613262653163626437356664396166313161633730336334316264393561
36336262653430373762666163333962323534353261623036656664613839356338316236303735
33333063373466613937663461343336613466356265646162663437393335623563323964623430
32306535313831396661353166623265346438313134386434303462306533623134353938623631
66303535633637363464373965323438383436333831613938623764373931643865383538656463
36343233663432623236326262356563626161373037623136376563643163663565366365663130
61373063633632386639363032336339363733643930363832346135643763353536363835356133
32363636663332363330333032636364613333633839356362636161613964636631616533366562
65336637346230366330636433623835376463613534333461343637663936623036303233303937
61383464323964613662613530346535643862303863383866376537343335616534663434343036
38626137393735376462646134333666613233373631653464333330396466616539616330666330
32346335303234636566643636313134633030383130663733653936333630313139353965623035
37666432383136303130393236653436353062336339303032363861616664306434396666346538
66303561633633666434666365323036643961323164653838353866396266633133626362383861
30363264366430623938363234336164663065353961643562386563393965303535313030353838
34666635343035666565353432623634666562633562313761306630336562363838333366303466
62353538613730653034636232333661386637333735663538643437323239343230326635343036
35313464626437646165313965393132626136353030336431366262336438643264636664626662
33333337623932633231613832393762613363633564623666336336646534306334623262633933
39313535343262306364613736333462303337323864316338316539383461623230343333326366
33376265353130393863313635343836326431616539623838326134633037353530393663363261
39633734656566343035373836326130366537313733616135653433663836616638343462306331
64346630333363353635353061376430346365313038636237376562633431653434366435663465
31376435623133353139363363366637373430346663623132633264623732663861393563633534
64376565383438303533373038333062343464623837396334356330323730343934616137393136
64353464396362313262373032366132616431393538333231353763663762623830336437353164
66323536353936626339303062376533323062643565316232633666386234383335643938373533
36356133663562393464646432393832343165393339646232376563646337626161383639666164
34626363616434336233363364646337353934396233323866613630313663303463396439653636
64313938346666343035666438613862343730623439356632343038383036626462353963353262
64316131643930363239376263663862656461356166636330376232316361313439303134613064
31373366633530613633363162316236623166643663333633646231633961373033316432396632
39333666316432643864353932653335326239643261363236656434663439316561623565643834
66613435353232343065396339316163666633396438333539336233326534616266373635623362
61373761643137396334663430323966336466363761346137626532646263313332646439393235
37613832633932653466626662663234326664333136316333386334306234303763643638356564
32313662666136383161396365303130663061633764326336623432313433353933343039326232
31356466366237343539646439333862343266386166303735333463633731326537313639333631
37313539363735386433336134373231333364656464393366623865316564316236613439636434
62363164323365343531303363623262343639386535326230376437636534373736633233313065
63346335656431373839306239623538663538363564396439306363613261326433353035353639
34633535643462313439633339323462643831663032373034623533666165636534343064626235
35643063336531663032373562663839613839613931373331393230336263396562333864333231
63376634353135376235373635316266346231323864633839643235346232383364616134313361
62353630343964383037316239666338376462313434346539316130346633316266336466333063
36316136656639363361653033393466333736356462303962616639383265373433343535303962
38323238623364656534663538616231303166363435633333346236383264313266326432623739
62636332383365376437653762316535333935626136623338353231383533313633653733306538
38306435353261353439313733623665303564656365303939666635353337336232646465326363
32626533303532653663616462323231633333393137643830663164613639396362653333626265
30353938376134653934616465326536613131356532313734666564333439373866313432656134
31373632316662623530636262363165666163366137336338353561353237373333316231646136
66353233356535643264613439303262613831616637626165306464623239633237666132306264
31336636346564613163616566396263336165303733643736363731613864653135626231353232
34336138366264323930363532393562313432393132386133323166663864396130336336623335
38386430353965366165373465666338643931326639643730313166383430356666393033383632
66346161303362393239353462373633336532613766613766326462343365613264376536356530
35346530396338383839323739396330636537366330613337386538303534383533626132356230
62376262653837666335366163303737326535353132643162636531623638393330396330333838
63323535316530646437633736623536393164383562663662383335303336643038333534613838
31613263373031346134643232343065376636323866636663636337346130313932316332373235
34653235396233393433353830666530643336363338336265636266326137313666336465323332
37376131323131336630393734316365623161653564336630373636336261376231383633326535
64343135623531626537633165333864613063323533633339386362333433373363636265633266
65646338333032636163336264363964653365643034393335393166653936643666663365323238
35393236353664623134613730366565336362656536366131303935616462616362623961623239
35386331383839363130343563343266396234376662333531393438663238333931646330646461
63663535666366646661646436313530306265396563666135396464653666636636653662346330
33376661663434326536616135306462313530613732393663343666623930343338396439343737
32363739376334623538356233353236623462363561396562663566636664636261623733333962
34333631383564323438666639653831346161333630663364363862303739336264363438613532
35643664363263343638646233373664363630343138323261373461613436663266366237303639
39323838333831613863316235366561393934613530316239306537356139663838663965333563
33316339656139323061643661386531396336383939386262316462393063623734303766616465
38346163356236326437633466653038633663626162636537373336623938303034636632666335
36353530323066643039366538653365353865663036326336323636393239386638656136303266
66363038386433383266353434636135646337636432383763623637336436316164343266393163
38373164383234636430393763393735363337333966626661636536313965613138633932616163
65616539373633366162343234313139653430373966373433653664383239653066616336656238
38326133373130663332326164633139623464346631323261636439313837653035646134313434
62623163666636323861393865393562386338336632323435623365613338346561613435653066
38663733346334373535376634336161663663303164343931666439336235303439653363623134
64643663633662336337623961656535343937333665313865333033346139353130363130326636
39633833323462656364333437393463303832623939303232653962336139613662633131383265
34663731303331386132623734633636313134333333623334393939626239373835366565346134
38393062376439363935363834303335386461386131613061313464393436343961666532333066
38623735333334333363313466353336393966643138663563353235333432643564646631656235
61333834613562386230363435373232623135623566623166306232643230356231653138623237
37343062666265396231633761636365653531303461376365343435616630353261653364633439
63363839356335663831613764336463616361636531383837303638613466313232393131306430
37356239373038303735393565313366346438633961656631656436316635353934633031326336
64656662353131373234383039396237303436353033333539316330623663353732346530306165
39343832313431323536373461323565636237383062323132643836643861643733353037383965
30366462613038353362383865393061393536383664353235333033633137666135656139393361
64353565353939313363353264363634653332333365663034396664626433653837393335346161
30323435316230386461353336396166386434633234323434656239333535663639373133623231
30333133343438373539376633383336373434613261663739333637616232323436343137323631
33663562633263393262313638666662373566623731396431393165626265356164393539386632
36643237666334656636613531633165383535386261653633623465386338633637303439656238
30303735303666626266383438323536333830386630346433656232373233626334623639643662
33646337636338363739306362626163636364656666353538616131616163613930336365363034
38663637646238373765303039386434366661653963366339373563636538656238386365353933
33616365623964613532333835353234356666633930333434303133363337353233356235626266
39646433386136623439353339326232643164626636346266633631316461363565343761383366
61633763646536656366383362343437356265323431633733353830323832333363616664306333
63336330316438316232316635636332346665636335373930303866393662306532323866613239
37313365646135323734303837313735366333636531386264363532353265323330653936613466
32663565653737653862643735393931663162623738623837373162613739666161336463623532
30323537323135323465376434363866643435633862356461306566643030356661333430326436
39313363313437636530643764303164313335636430353663656234383766666232316239336537
61633361376631333063303635313765343337643962636361343535353531613630646566346637
38346162303338313337373832356466353465646639663030353663316363353430396139323530
33633332333764613561313234353135316536616634336439373234623166663066366533373430
36653264393162366530623164343033376239626264366663363965633161343761
